summa:4 minimum:2 proizvedenie:4
 cos(a):-0.416147 sin(b):0.909297
